time;Lat;Lon;length;width
2004-03-20-0000;-25.0034;-45.8102;5.4784;4.6296
2004-03-20-0600;-24.6562;-44.4599;8.0247;5.6327
2004-03-20-1200;-25.2349;-43.7269;8.5648;5.8642
2004-03-20-1800;-25.2349;-43.3796;8.4877;6.9444
2004-03-21-0000;-25.7750;-42.5694;7.9475;7.2531
2004-03-21-0600;-27.4339;-42.0679;10.3395;8.4105
2004-03-21-1200;-28.0512;-40.5633;11.3426;10.2623
2004-03-21-1800;-29.9802;-39.6373;12.2685;12.2685
2004-03-22-0000;-30.7518;-38.1327;11.8827;9.9537
2004-03-22-0600;-30.5204;-36.7824;10.2623;5.7870
2004-03-22-1200;-30.8290;-36.0880;7.0216;5.6327
2004-03-22-1800;-30.1345;-35.2778;8.9506;6.5586
2004-03-23-0000;-29.2858;-35.8179;7.7160;7.3302
2004-03-23-0600;-28.9000;-35.6250;7.9475;7.1759
2004-03-23-1200;-28.9386;-36.6667;6.9444;7.5617
2004-03-23-1800;-29.1315;-37.7855;5.6327;5.0154
2004-03-24-0000;-28.3599;-37.5926;7.5617;7.6389
2004-03-24-0600;-28.9771;-38.4799;5.7870;5.6327
2004-03-24-1200;-28.4370;-38.6728;8.7963;9.6451
2004-03-24-1800;-28.9771;-39.8302;6.3272;6.0957
2004-03-25-0000;-28.7071;-39.8688;6.0957;6.9444
2004-03-25-0600;-27.8583;-40.2160;6.1728;5.7099
2004-03-25-1200;-27.9741;-40.1389;8.3333;7.6389
2004-03-25-1800;-28.0898;-41.2191;6.6358;7.2531
2004-03-26-0000;-27.3182;-41.6435;9.3364;7.7160
2004-03-26-0600;-27.4725;-42.6466;7.6389;7.7160
2004-03-26-1200;-27.8969;-43.4954;7.9475;8.1019
2004-03-26-1800;-28.2055;-44.1898;7.1759;6.8673
2004-03-27-0000;-27.9355;-44.9614;6.8673;6.0185
2004-03-27-0600;-28.6685;-45.5787;5.1698;6.0957
2004-03-27-1200;-28.5913;-46.0031;5.2469;6.4043
2004-03-27-1800;-28.7842;-46.6204;4.6296;4.9383
2004-03-28-0000;-29.3244;-47.8549;4.3210;4.1667
2004-03-28-0600;-29.3244;-48.8966;3.9352;3.5494
2004-03-28-1200;-29.6330;-50.0154;3.5494;2.6235
2004-03-28-1800;-27.8583;-50.2855;3.4722;4.3210
